return {
    hubMarket = CFrame.new(289.137146, 96.9980011, -558.638672, -0.0568940751, -3.59897911e-09, -0.998380244, 2.79753234e-08, 1, -5.19903054e-09, 0.998380244, -2.82258021e-08, -0.0568940751),
    hubLake = CFrame.new(363.216248, 91.1458511, -649.860535, 0.905054808, -4.74164139e-08, 0.425294966, 7.04404286e-08, 1, -3.84110628e-08, -0.425294966, 6.4722073e-08, 0.905054808),
    hubMine = CFrame.new(498.107452, 96.998024, -603.595215, 0.512167275, 7.31578282e-08, -0.858885705, -1.17671757e-08, 1, 7.8160646e-08, 0.858885705, -2.99246672e-08, 0.512167275),
    slimeIsland = CFrame.new(930.011414, 224.072449, -399.766052, -0.12057703, -8.9321226e-09, -0.992703974, 6.73956535e-08, 1, -1.71838632e-08, 0.992703974, -6.89759148e-08, -0.12057703),
    blockMerchant = CFrame.new(325.674225, 96.9166946, -532.048035, -0.950912416, 1.18875597e-07, -0.309460074, 1.07348662e-07, 1, 5.42765264e-08, 0.309460074, 1.83920967e-08, -0.950912416),
    cropsMerchant = CFrame.new(334.803375, 96.8578339, -559.292603, -0.0341893584, -5.70646073e-08, -0.999415398, 1.9903343e-08, 1, -5.77788697e-08, 0.999415398, -2.18671286e-08, -0.0341893584),
    totemsMerchant = CFrame.new(330.879242, 94.9168701, -595.104126, 0.713924348, 3.24396088e-09, 0.70022285, 7.72069131e-10, 1, -5.41993161e-09, -0.70022285, 4.41004167e-09, 0.713924348),
    adventurerMerchant = CFrame.new(567.799316, 96.5292511, -511.574005, -0.799982429, -3.53166989e-08, -0.600023389, -5.1327298e-09, 1, -5.20156433e-08, 0.600023389, -3.85318444e-08, -0.799982429)
}