return {
    hubMarket = CFrame.new(289.137146, 96.9980011, -558.638672, -0.0568940751, -3.59897911e-09, -0.998380244, 2.79753234e-08, 1, -5.19903054e-09, 0.998380244, -2.82258021e-08, -0.0568940751),
    hubLake = CFrame.new(363.216248, 91.1458511, -649.860535, 0.905054808, -4.74164139e-08, 0.425294966, 7.04404286e-08, 1, -3.84110628e-08, -0.425294966, 6.4722073e-08, 0.905054808),
    hubMine = CFrame.new(498.107452, 96.998024, -603.595215, 0.512167275, 7.31578282e-08, -0.858885705, -1.17671757e-08, 1, 7.8160646e-08, 0.858885705, -2.99246672e-08, 0.512167275),
    slimeIsland = CFrame.new(930.011414, 224.072449, -399.766052, -0.12057703, -8.9321226e-09, -0.992703974, 6.73956535e-08, 1, -1.71838632e-08, 0.992703974, -6.89759148e-08, -0.12057703)
}